1
root
512
0
0
-1
-1
-1
5
-1
-1
-1
-1
-1
-1
-1
3
even.xsm
186
0
-1
-1
-1
-1
69
-1
-1
-1
-1
-1
-1
-1
3
primes.xsm
312
0
-1
-1
-1
-1
70
-1
-1
-1
-1
-1
-1
-1
3
odd.xsm
186
0
-1
-1
-1
-1
71
-1
-1
-1
-1
-1
-1
-1
3
pid.xsm
130
0
-1
-1
-1
-1
72
-1
-1
-1
-1
-1
-1
-1
3
assg19.xsm
432
0
-1
-1
-1
-1
74
-1
-1
-1
-1
-1
-1
-1
3
assg21_1.xsm
180
0
-1
-1
-1
-1
73
-1
-1
-1
-1
-1
-1
-1
3
child.xsm
328
0
-1
-1
-1
-1
75
-1
-1
-1
-1
-1
-1
-1
3
parent.xsm
280
0
-1
-1
-1
-1
76
-1
-1
-1
-1
-1
-1
-1
3
assg22_1.xsm
990
0
-1
-1
-1
-1
77
78
-1
-1
-1
-1
-1
-1
3
mergeSeq.xsm
1150
0
-1
-1
-1
-1
79
80
81
-1
-1
-1
-1
-1
3
mergeCon.xsm
1936
0
-1
-1
-1
-1
82
83
84
85
-1
-1
-1
-1
3
file_c.xsm
202
0
-1
-1
-1
-1
86
-1
-1
-1
-1
-1
-1
-1
3
rm.xsm
142
0
-1
-1
-1
-1
87
-1
-1
-1
-1
-1
-1
-1
-1
-1
-1
-1
-1
-1
-1
-1
-1
-1
-1
-1
-1
-1
-1
-1
3
cat.xsm
372
0
-1
-1
-1
-1
90
-1
-1
-1
-1
-1
-1
-1
2
numbers.dat
2047
1
1
-1
-1
-1
91
92
93
94
-1
-1
-1
-1
3
assg24.xsm
514
0
-1
-1
-1
-1
95
96
-1
-1
-1
-1
-1
-1
3
assg25_1.xsm
648
0
-1
-1
-1
-1
97
98
-1
-1
-1
-1
-1
-1
2
data.dat
1614
1
1
-1
-1
-1
99
100
101
104
-1
-1
-1
-1
3
assg25_2.xsm
594
0
-1
-1
-1
-1
102
103
-1
-1
-1
-1
-1
-1
3
assg25_3.xsm
1014
0
-1
-1
-1
-1
105
106
-1
-1
-1
-1
-1
-1
2
assg25_3.dat
100
1
1
-1
-1
-1
107
-1
-1
-1
-1
-1
-1
-1
3
assg25_4.xsm
1954
0
-1
-1
-1
-1
108
109
110
111
-1
-1
-1
-1
2
temp1.dat
512
1
temp1.dat
-1
-1
-1
112
-1
-1
-1
-1
-1
-1
-1
2
temp3.dat
512
1
temp3.dat
-1
-1
-1
113
-1
-1
-1
-1
-1
-1
-1
2
temp2.dat
512
1
temp2.dat
-1
-1
-1
115
-1
-1
-1
-1
-1
-1
-1
2
temp4.dat
512
1
temp4.dat
-1
-1
-1
114
-1
-1
-1
-1
-1
-1
-1
2
tempa.dat
1024
1
1
-1
-1
-1
116
118
-1
-1
-1
-1
-1
-1
2
tempb.dat
1024
1
1
-1
-1
-1
117
119
-1
-1
-1
-1
-1
-1
-1
-1
0
-1
-1
-1
-1
-1
-1
-1
-1
-1
-1
-1
-1
-1
-1
-1
0
-1
-1
-1
-1
-1
-1
-1
-1
-1
-1
-1
-1
-1
-1
-1
0
-1
-1
-1
-1
-1
-1
-1
-1
-1
-1
-1
-1
-1
-1
-1
0
-1
-1
-1
-1
-1
-1
-1
-1
-1
-1
-1
-1
-1
-1
-1
0
-1
-1
-1
-1
-1
-1
-1
-1
-1
-1
-1
-1
-1
-1
-1
0
-1
-1
-1
-1
-1
-1
-1
-1
-1
-1
-1
-1
-1
-1
-1
0
-1
-1
-1
-1
-1
-1
-1
-1
-1
-1
-1
-1
-1
-1
-1
0
-1
-1
-1
-1
-1
-1
-1
-1
-1
-1
-1
-1
-1
-1
-1
0
-1
-1
-1
-1
-1
-1
-1
-1
-1
-1
-1
-1
-1
-1
-1
0
-1
-1
-1
-1
-1
-1
-1
-1
-1
-1
-1
-1
-1
-1
-1
0
-1
-1
-1
-1
-1
-1
-1
-1
-1
-1
-1
-1
-1
-1
-1
0
-1
-1
-1
-1
-1
-1
-1
-1
-1
-1
-1
-1
-1
-1
-1
0
-1
-1
-1
-1
-1
-1
-1
-1
-1
-1
-1
-1
-1
-1
-1
0
-1
-1
-1
-1
-1
-1
-1
-1
-1
-1
-1
-1
-1
-1
-1
0
-1
-1
-1
-1
-1
-1
-1
-1
-1
-1
-1
-1
-1
-1
-1
0
-1
-1
-1
-1
-1
-1
-1
-1
-1
-1
-1
-1
-1
-1
-1
0
-1
-1
-1
-1
-1
-1
-1
-1
-1
-1
-1
-1
-1
-1
-1
0
-1
-1
-1
-1
-1
-1
-1
-1
-1
-1
-1
-1
-1
-1
-1
0
-1
-1
-1
-1
-1
-1
-1
-1
-1
-1
-1
-1
-1
-1
-1
0
-1
-1
-1
-1
-1
-1
-1
-1
-1
-1
-1
-1
-1
-1
-1
0
-1
-1
-1
-1
-1
-1
-1
-1
-1
-1
-1
-1
-1
-1
-1
0
-1
-1
-1
-1
-1
-1
-1
-1
-1
-1
-1
-1
-1
-1
-1
0
-1
-1
-1
-1
-1
-1
-1
-1
-1
-1
-1
-1
-1
-1
-1
0
-1
-1
-1
-1
-1
-1
-1
-1
-1
-1
-1
-1
-1
-1
-1
0
-1
-1
-1
-1
-1
-1
-1
-1
-1
-1
-1
-1
-1
-1
-1
0
-1
-1
-1
-1
-1
-1
-1
-1
-1
-1
-1
-1
-1
-1
-1
0
-1
-1
-1
-1
-1
-1
-1
-1
-1
-1
-1
-1
-1
-1
-1
0
-1
-1
-1
-1
-1
-1
-1
-1
-1
-1
-1
-1
-1
-1
-1
0
-1
-1
-1
-1
-1
-1
-1
-1
-1
-1
-1
-1
-1
-1
-1
0
-1
-1
-1
-1
-1
-1
-1
-1
-1
-1
-1
-1
-1
kernel
-1
root
452
-1
-1
-1
-1
-1
-1
-1
-1
-1
-1
-1
-1
-1
-1
-1
-1
-1
-1
-1
-1
-1
-1
-1
-1
-1
-1
-1
-1
-1
-1
-1
-1
-1
-1
-1
-1
-1
-1
-1
-1
-1
-1
-1
-1
-1
-1
-1
-1
-1
-1
-1
-1
-1
-1
-1
-1
-1
-1
-1
-1
